0 0.000895948
0.005 0.000895364
0.01 0.000894785
0.015 0.000894213
0.02 0.000893647
0.025 0.000893087
0.03 0.000892533
0.035 0.000891986
0.04 0.000891444
0.045 0.000890909
0.05 0.00089038
0.055 0.000889856
0.06 0.000889339
0.065 0.000888828
0.07 0.000888323
0.075 0.000887824
0.08 0.000887332
0.085 0.000886845
0.09 0.000886364
0.095 0.000885889
0.1 0.00088542
0.105 0.000884958
0.11 0.000884501
0.115 0.00088405
0.12 0.000883605
0.125 0.000883166
0.13 0.000882733
0.135 0.000882306
0.14 0.000881885
0.145 0.00088147
0.15 0.00088106
0.155 0.000880657
0.16 0.000880259
0.165 0.000879868
0.17 0.000879482
0.175 0.000879102
0.18 0.000878728
0.185 0.00087836
0.19 0.000877997
0.195 0.000877641
0.2 0.00087729
0.205 0.000876945
0.21 0.000876606
0.215 0.000876273
0.22 0.000875946
0.225 0.000875624
0.23 0.000875308
0.235 0.000874998
0.24 0.000874694
0.245 0.000874396
0.25 0.000874103
0.255 0.000873816
0.26 0.000873535
0.265 0.00087326
0.27 0.00087299
0.275 0.000872726
0.28 0.000872468
0.285 0.000872216
0.29 0.000871969
0.295 0.000871728
0.3 0.000871493
0.305 0.000871264
0.31 0.00087104
0.315 0.000870822
0.32 0.00087061
0.325 0.000870403
0.33 0.000870202
0.335 0.000870007
0.34 0.000869818
0.345 0.000869634
0.35 0.000869456
0.355 0.000869284
0.36 0.000869118
0.365 0.000868957
0.37 0.000868802
0.375 0.000868652
0.38 0.000868509
0.385 0.000868371
0.39 0.000868238
0.395 0.000868112
0.4 0.000867991
0.405 0.000867876
0.41 0.000867766
0.415 0.000867662
0.42 0.000867564
0.425 0.000867472
0.43 0.000867385
0.435 0.000867304
0.44 0.000867229
0.445 0.00086716
0.45 0.000867096
0.455 0.000867038
0.46 0.000866985
0.465 0.000866939
0.47 0.000866898
0.475 0.000866863
0.48 0.000866833
0.485 0.00086681
0.49 0.000866792
0.495 0.000866779
0.5 0.000866773
0.505 0.000866772
0.51 0.000866777
0.515 0.000866788
0.52 0.000866804
0.525 0.000866827
0.53 0.000866855
0.535 0.000866889
0.54 0.000866928
0.545 0.000866974
0.55 0.000867025
0.555 0.000867082
0.56 0.000867145
0.565 0.000867214
0.57 0.000867288
0.575 0.000867369
0.58 0.000867455
0.585 0.000867547
0.59 0.000867645
0.595 0.000867748
0.6 0.000867858
0.605 0.000867973
0.61 0.000868095
0.615 0.000868222
0.62 0.000868355
0.625 0.000868494
0.63 0.000868639
0.635 0.00086879
0.64 0.000868947
0.645 0.00086911
0.65 0.000869279
0.655 0.000869454
0.66 0.000869635
0.665 0.000869821
0.67 0.000870014
0.675 0.000870213
0.68 0.000870418
0.685 0.000870629
0.69 0.000870846
0.695 0.000871069
0.7 0.000871298
0.705 0.000871533
0.71 0.000871775
0.715 0.000872022
0.72 0.000872276
0.725 0.000872535
0.73 0.000872801
0.735 0.000873074
0.74 0.000873352
0.745 0.000873636
0.75 0.000873927
0.755 0.000874224
0.76 0.000874528
0.765 0.000874837
0.77 0.000875153
0.775 0.000875475
0.78 0.000875804
0.785 0.000876139
0.79 0.00087648
0.795 0.000876828
0.8 0.000877182
0.805 0.000877542
0.81 0.000877909
0.815 0.000878283
0.82 0.000878662
0.825 0.000879049
0.83 0.000879442
0.835 0.000879841
0.84 0.000880247
0.845 0.00088066
0.85 0.000881079
0.855 0.000881505
0.86 0.000881938
0.865 0.000882377
0.87 0.000882823
0.875 0.000883276
0.88 0.000883736
0.885 0.000884202
0.89 0.000884675
0.895 0.000885155
0.9 0.000885642
0.905 0.000886136
0.91 0.000886636
0.915 0.000887144
0.92 0.000887658
0.925 0.00088818
0.93 0.000888708
0.935 0.000889244
0.94 0.000889787
0.945 0.000890337
0.95 0.000890894
0.955 0.000891458
0.96 0.000892029
0.965 0.000892608
0.97 0.000893194
0.975 0.000893787
0.98 0.000894388
0.985 0.000894996
0.99 0.000895611
0.995 0.000896234
1 0.000896864
1.005 0.000897502
