0 186.415
0.005 186.415
0.01 186.415
0.015 186.415
0.02 186.415
0.025 186.415
0.03 186.416
0.035 186.416
0.04 186.417
0.045 186.418
0.05 186.418
0.055 186.419
0.06 186.42
0.065 186.421
0.07 186.422
0.075 186.423
0.08 186.424
0.085 186.425
0.09 186.426
0.095 186.428
0.1 186.429
0.105 186.431
0.11 186.432
0.115 186.434
0.12 186.435
0.125 186.437
0.13 186.438
0.135 186.44
0.14 186.442
0.145 186.444
0.15 186.446
0.155 186.448
0.16 186.45
0.165 186.452
0.17 186.454
0.175 186.456
0.18 186.458
0.185 186.46
0.19 186.462
0.195 186.464
0.2 186.467
0.205 186.469
0.21 186.471
0.215 186.474
0.22 186.476
0.225 186.478
0.23 186.481
0.235 186.483
0.24 186.486
0.245 186.488
0.25 186.491
0.255 186.493
0.26 186.496
0.265 186.498
0.27 186.501
0.275 186.503
0.28 186.506
0.285 186.509
0.29 186.511
0.295 186.514
0.3 186.517
0.305 186.519
0.31 186.522
0.315 186.525
0.32 186.527
0.325 186.53
0.33 186.533
0.335 186.535
0.34 186.538
0.345 186.541
0.35 186.544
0.355 186.546
0.36 186.549
0.365 186.552
0.37 186.554
0.375 186.557
0.38 186.56
0.385 186.562
0.39 186.565
0.395 186.568
0.4 186.57
0.405 186.573
0.41 186.576
0.415 186.578
0.42 186.581
0.425 186.584
0.43 186.586
0.435 186.589
0.44 186.592
0.445 186.594
0.45 186.597
0.455 186.599
0.46 186.602
0.465 186.604
0.47 186.607
0.475 186.609
0.48 186.612
0.485 186.614
0.49 186.617
0.495 186.619
0.5 186.621
0.505 186.624
0.51 186.626
0.515 186.629
0.52 186.631
0.525 186.633
0.53 186.635
0.535 186.638
0.54 186.64
0.545 186.642
0.55 186.644
0.555 186.647
0.56 186.649
0.565 186.651
0.57 186.653
0.575 186.655
0.58 186.657
0.585 186.659
0.59 186.661
0.595 186.663
0.6 186.665
0.605 186.667
0.61 186.669
0.615 186.671
0.62 186.672
0.625 186.674
0.63 186.676
0.635 186.678
0.64 186.679
0.645 186.681
0.65 186.683
0.655 186.684
0.66 186.686
0.665 186.688
0.67 186.689
0.675 186.691
0.68 186.692
0.685 186.694
0.69 186.695
0.695 186.696
0.7 186.698
0.705 186.699
0.71 186.7
0.715 186.702
0.72 186.703
0.725 186.704
0.73 186.705
0.735 186.707
0.74 186.708
0.745 186.709
0.75 186.71
0.755 186.711
0.76 186.712
0.765 186.713
0.77 186.714
0.775 186.715
0.78 186.716
0.785 186.717
0.79 186.718
0.795 186.718
0.8 186.719
0.805 186.72
0.81 186.721
0.815 186.721
0.82 186.722
0.825 186.723
0.83 186.723
0.835 186.724
0.84 186.725
0.845 186.725
0.85 186.726
0.855 186.726
0.86 186.727
0.865 186.727
0.87 186.728
0.875 186.728
0.88 186.728
0.885 186.729
0.89 186.729
0.895 186.729
0.9 186.73
0.905 186.73
0.91 186.73
0.915 186.731
0.92 186.731
0.925 186.731
0.93 186.731
0.935 186.731
0.94 186.732
0.945 186.732
0.95 186.732
0.955 186.732
0.96 186.732
0.965 186.732
0.97 186.732
0.975 186.732
0.98 186.732
0.985 186.732
0.99 186.733
0.995 186.733
1 186.733
1.005 186.733
