0 999.674
0.005 1000.33
0.01 1000.97
0.015 1001.61
0.02 1002.25
0.025 1002.88
0.03 1003.51
0.035 1004.12
0.04 1004.74
0.045 1005.34
0.05 1005.95
0.055 1006.54
0.06 1007.13
0.065 1007.71
0.07 1008.29
0.075 1008.87
0.08 1009.43
0.085 1009.99
0.09 1010.55
0.095 1011.1
0.1 1011.64
0.105 1012.18
0.11 1012.71
0.115 1013.23
0.12 1013.75
0.125 1014.26
0.13 1014.77
0.135 1015.27
0.14 1015.76
0.145 1016.25
0.15 1016.74
0.155 1017.21
0.16 1017.68
0.165 1018.15
0.17 1018.6
0.175 1019.05
0.18 1019.5
0.185 1019.94
0.19 1020.37
0.195 1020.8
0.2 1021.22
0.205 1021.63
0.21 1022.04
0.215 1022.44
0.22 1022.84
0.225 1023.23
0.23 1023.61
0.235 1023.98
0.24 1024.35
0.245 1024.72
0.25 1025.07
0.255 1025.43
0.26 1025.77
0.265 1026.11
0.27 1026.44
0.275 1026.76
0.28 1027.08
0.285 1027.39
0.29 1027.7
0.295 1028
0.3 1028.29
0.305 1028.57
0.31 1028.85
0.315 1029.12
0.32 1029.39
0.325 1029.65
0.33 1029.9
0.335 1030.15
0.34 1030.39
0.345 1030.62
0.35 1030.84
0.355 1031.06
0.36 1031.28
0.365 1031.48
0.37 1031.68
0.375 1031.87
0.38 1032.06
0.385 1032.24
0.39 1032.41
0.395 1032.58
0.4 1032.73
0.405 1032.89
0.41 1033.03
0.415 1033.17
0.42 1033.3
0.425 1033.43
0.43 1033.54
0.435 1033.65
0.44 1033.76
0.445 1033.86
0.45 1033.95
0.455 1034.03
0.46 1034.11
0.465 1034.18
0.47 1034.24
0.475 1034.29
0.48 1034.34
0.485 1034.38
0.49 1034.42
0.495 1034.45
0.5 1034.47
0.505 1034.48
0.51 1034.49
0.515 1034.49
0.52 1034.48
0.525 1034.47
0.53 1034.45
0.535 1034.42
0.54 1034.39
0.545 1034.34
0.55 1034.29
0.555 1034.24
0.56 1034.18
0.565 1034.11
0.57 1034.03
0.575 1033.94
0.58 1033.85
0.585 1033.75
0.59 1033.65
0.595 1033.54
0.6 1033.42
0.605 1033.29
0.61 1033.15
0.615 1033.01
0.62 1032.87
0.625 1032.71
0.63 1032.55
0.635 1032.38
0.64 1032.2
0.645 1032.02
0.65 1031.83
0.655 1031.63
0.66 1031.42
0.665 1031.21
0.67 1030.99
0.675 1030.76
0.68 1030.53
0.685 1030.29
0.69 1030.04
0.695 1029.78
0.7 1029.52
0.705 1029.25
0.71 1028.97
0.715 1028.68
0.72 1028.39
0.725 1028.09
0.73 1027.79
0.735 1027.47
0.74 1027.15
0.745 1026.82
0.75 1026.49
0.755 1026.14
0.76 1025.79
0.765 1025.44
0.77 1025.07
0.775 1024.7
0.78 1024.32
0.785 1023.93
0.79 1023.54
0.795 1023.14
0.8 1022.73
0.805 1022.31
0.81 1021.89
0.815 1021.46
0.82 1021.02
0.825 1020.58
0.83 1020.12
0.835 1019.66
0.84 1019.2
0.845 1018.72
0.85 1018.24
0.855 1017.75
0.86 1017.25
0.865 1016.75
0.87 1016.24
0.875 1015.72
0.88 1015.19
0.885 1014.66
0.89 1014.12
0.895 1013.57
0.9 1013.02
0.905 1012.45
0.91 1011.88
0.915 1011.31
0.92 1010.72
0.925 1010.13
0.93 1009.53
0.935 1008.92
0.94 1008.31
0.945 1007.69
0.95 1007.06
0.955 1006.42
0.96 1005.78
0.965 1005.12
0.97 1004.46
0.975 1003.8
0.98 1003.12
0.985 1002.44
0.99 1001.75
0.995 1001.06
1 1000.36
1.005 999.645
