0 1.35817
0.01 1.35817
0.02 1.35729
0.03 1.35526
0.04 1.35279
0.05 1.35017
0.06 1.34754
0.07 1.34495
0.08 1.34241
0.09 1.33993
0.1 1.33752
0.11 1.33518
0.12 1.3329
0.13 1.33069
0.14 1.32853
0.15 1.32644
0.16 1.3244
0.17 1.32243
0.18 1.32051
0.19 1.31865
0.2 1.31684
0.21 1.31509
0.22 1.3134
0.23 1.31176
0.24 1.31018
0.25 1.30865
0.26 1.30717
0.27 1.30575
0.28 1.30439
0.29 1.30308
0.3 1.30182
0.31 1.30062
0.32 1.29947
0.33 1.29838
0.34 1.29734
0.35 1.29636
0.36 1.29543
0.37 1.29455
0.38 1.29373
0.39 1.29297
0.4 1.29226
0.41 1.2916
0.42 1.291
0.43 1.29046
0.44 1.28997
0.45 1.28953
0.46 1.28916
0.47 1.28883
0.48 1.28856
0.49 1.28835
0.5 1.2882
0.51 1.2881
0.52 1.28806
0.53 1.28807
0.54 1.28814
0.55 1.28827
0.56 1.28845
0.57 1.2887
0.58 1.289
0.59 1.28936
0.6 1.28978
0.61 1.29026
0.62 1.2908
0.63 1.2914
0.64 1.29206
0.65 1.29279
0.66 1.29358
0.67 1.29443
0.68 1.29534
0.69 1.29632
0.7 1.29737
0.71 1.29848
0.72 1.29966
0.73 1.30091
0.74 1.30223
0.75 1.30362
0.76 1.30509
0.77 1.30662
0.78 1.30823
0.79 1.30992
0.8 1.31168
0.81 1.31353
0.82 1.31545
0.83 1.31745
0.84 1.31953
0.85 1.32169
0.86 1.32394
0.87 1.32626
0.88 1.32867
0.89 1.33116
0.9 1.33373
0.91 1.33637
0.92 1.3391
0.93 1.34189
0.94 1.34474
0.95 1.34764
0.96 1.35053
0.97 1.35335
0.98 1.35595
0.99 1.35798
1 1.35877
1.01 1.35877
