0 521226
0.01 519434
0.02 520325
0.03 521342
0.04 522399
0.05 523456
0.06 524498
0.07 525520
0.08 526518
0.09 527494
0.1 528446
0.11 529375
0.12 530281
0.13 531166
0.14 532028
0.15 532869
0.16 533689
0.17 534488
0.18 535266
0.19 536023
0.2 536759
0.21 537475
0.22 538169
0.23 538843
0.24 539495
0.25 540127
0.26 540738
0.27 541327
0.28 541895
0.29 542441
0.3 542966
0.31 543469
0.32 543950
0.33 544409
0.34 544846
0.35 545260
0.36 545653
0.37 546022
0.38 546369
0.39 546694
0.4 546995
0.41 547274
0.42 547529
0.43 547762
0.44 547971
0.45 548157
0.46 548319
0.47 548458
0.48 548573
0.49 548664
0.5 548731
0.51 548775
0.52 548794
0.53 548790
0.54 548760
0.55 548707
0.56 548629
0.57 548526
0.58 548399
0.59 548247
0.6 548069
0.61 547866
0.62 547638
0.63 547385
0.64 547105
0.65 546800
0.66 546469
0.67 546111
0.68 545726
0.69 545315
0.7 544877
0.71 544411
0.72 543917
0.73 543396
0.74 542847
0.75 542269
0.76 541662
0.77 541026
0.78 540361
0.79 539667
0.8 538943
0.81 538188
0.82 537404
0.83 536590
0.84 535745
0.85 534870
0.86 533965
0.87 533030
0.88 532066
0.89 531073
0.9 530052
0.91 529003
0.92 527928
0.93 526828
0.94 525707
0.95 524568
0.96 523419
0.97 522276
0.98 521167
0.99 520154
1 519360
1.01 521300
