0 273.776
0.00166667 273.776
0.00333333 273.776
0.005 273.776
0.00666667 273.776
0.00833333 273.776
0.01 273.776
0.0116667 273.776
0.0133333 273.776
0.015 273.776
0.0166667 273.776
0.0183333 273.776
0.02 273.776
0.0216667 273.776
0.0233333 273.776
0.025 273.776
0.0266667 273.776
0.0283333 273.776
0.03 273.776
0.0316667 273.776
0.0333333 273.776
0.035 273.776
0.0366667 273.776
0.0383333 273.776
0.04 273.776
0.0416667 273.776
0.0433333 273.776
0.045 273.776
0.0466667 273.776
0.0483333 273.776
0.05 273.776
0.0516667 273.776
0.0533333 273.776
0.055 273.776
0.0566667 273.776
0.0583333 273.776
0.06 273.776
0.0616667 273.776
0.0633333 273.776
0.065 273.776
0.0666667 273.776
0.0683333 273.776
0.07 273.776
0.0716667 273.777
0.0733333 273.777
0.075 273.777
0.0766667 273.777
0.0783333 273.777
0.08 273.777
0.0816667 273.777
0.0833333 273.777
0.085 273.777
0.0866667 273.777
0.0883333 273.777
0.09 273.777
0.0916667 273.777
0.0933333 273.777
0.095 273.777
0.0966667 273.777
0.0983333 273.777
0.1 273.777
0.101667 273.777
0.103333 273.777
0.105 273.777
0.106667 273.777
0.108333 273.777
0.11 273.777
0.111667 273.777
0.113333 273.777
0.115 273.778
0.116667 273.778
0.118333 273.778
0.12 273.778
0.121667 273.778
0.123333 273.778
0.125 273.778
0.126667 273.778
0.128333 273.778
0.13 273.778
0.131667 273.778
0.133333 273.778
0.135 273.778
0.136667 273.778
0.138333 273.778
0.14 273.778
0.141667 273.778
0.143333 273.778
0.145 273.779
0.146667 273.779
0.148333 273.779
0.15 273.779
0.151667 273.779
0.153333 273.779
0.155 273.779
0.156667 273.779
0.158333 273.779
0.16 273.779
0.161667 273.779
0.163333 273.779
0.165 273.779
0.166667 273.779
0.168333 273.779
0.17 273.78
0.171667 273.78
0.173333 273.78
0.175 273.78
0.176667 273.78
0.178333 273.78
0.18 273.78
0.181667 273.78
0.183333 273.78
0.185 273.78
0.186667 273.78
0.188333 273.78
0.19 273.78
0.191667 273.78
0.193333 273.781
0.195 273.781
0.196667 273.781
0.198333 273.781
0.2 273.781
0.201667 273.781
0.203333 273.781
0.205 273.781
0.206667 273.781
0.208333 273.781
0.21 273.781
0.211667 273.781
0.213333 273.782
0.215 273.782
0.216667 273.782
0.218333 273.782
0.22 273.782
0.221667 273.782
0.223333 273.782
0.225 273.782
0.226667 273.782
0.228333 273.782
0.23 273.782
0.231667 273.783
0.233333 273.783
0.235 273.783
0.236667 273.783
0.238333 273.783
0.24 273.783
0.241667 273.783
0.243333 273.783
0.245 273.783
0.246667 273.783
0.248333 273.784
0.25 273.784
0.251667 273.784
0.253333 273.784
0.255 273.784
0.256667 273.784
0.258333 273.784
0.26 273.784
0.261667 273.784
0.263333 273.784
0.265 273.785
0.266667 273.785
0.268333 273.785
0.27 273.785
0.271667 273.785
0.273333 273.785
0.275 273.785
0.276667 273.785
0.278333 273.785
0.28 273.785
0.281667 273.786
0.283333 273.786
0.285 273.786
0.286667 273.786
0.288333 273.786
0.29 273.786
0.291667 273.786
0.293333 273.786
0.295 273.786
0.296667 273.787
0.298333 273.787
0.3 273.787
0.301667 273.787
0.303333 273.787
0.305 273.787
0.306667 273.787
0.308333 273.787
0.31 273.787
0.311667 273.788
0.313333 273.788
0.315 273.788
0.316667 273.788
0.318333 273.788
0.32 273.788
0.321667 273.788
0.323333 273.788
0.325 273.789
0.326667 273.789
0.328333 273.789
0.33 273.789
0.331667 273.789
0.333333 273.789
0.335 273.789
0.336667 273.789
0.338333 273.79
0.34 273.79
0.341667 273.79
0.343333 273.79
0.345 273.79
0.346667 273.79
0.348333 273.79
0.35 273.79
0.351667 273.791
0.353333 273.791
0.355 273.791
0.356667 273.791
0.358333 273.791
0.36 273.791
0.361667 273.791
0.363333 273.791
0.365 273.792
0.366667 273.792
0.368333 273.792
0.37 273.792
0.371667 273.792
0.373333 273.792
0.375 273.792
0.376667 273.792
0.378333 273.793
0.38 273.793
0.381667 273.793
0.383333 273.793
0.385 273.793
0.386667 273.793
0.388333 273.793
0.39 273.794
0.391667 273.794
0.393333 273.794
0.395 273.794
0.396667 273.794
0.398333 273.794
0.4 273.794
0.401667 273.794
0.403333 273.795
0.405 273.795
0.406667 273.795
0.408333 273.795
0.41 273.795
0.411667 273.795
0.413333 273.795
0.415 273.796
0.416667 273.796
0.418333 273.796
0.42 273.796
0.421667 273.796
0.423333 273.796
0.425 273.796
0.426667 273.797
0.428333 273.797
0.43 273.797
0.431667 273.797
0.433333 273.797
0.435 273.797
0.436667 273.797
0.438333 273.798
0.44 273.798
0.441667 273.798
0.443333 273.798
0.445 273.798
0.446667 273.798
0.448333 273.798
0.45 273.799
0.451667 273.799
0.453333 273.799
0.455 273.799
0.456667 273.799
0.458333 273.799
0.46 273.799
0.461667 273.8
0.463333 273.8
0.465 273.8
0.466667 273.8
0.468333 273.8
0.47 273.8
0.471667 273.8
0.473333 273.801
0.475 273.801
0.476667 273.801
0.478333 273.801
0.48 273.801
0.481667 273.801
0.483333 273.801
0.485 273.802
0.486667 273.802
0.488333 273.802
0.49 273.802
0.491667 273.802
0.493333 273.802
0.495 273.802
0.496667 273.803
0.498333 273.803
0.5 273.803
0.501667 273.803
0.503333 273.803
0.505 273.803
0.506667 273.803
0.508333 273.804
0.51 273.804
0.511667 273.804
0.513333 273.804
0.515 273.804
0.516667 273.804
0.518333 273.805
0.52 273.805
0.521667 273.805
0.523333 273.805
0.525 273.805
0.526667 273.805
0.528333 273.805
0.53 273.806
0.531667 273.806
0.533333 273.806
0.535 273.806
0.536667 273.806
0.538333 273.806
0.54 273.806
0.541667 273.807
0.543333 273.807
0.545 273.807
0.546667 273.807
0.548333 273.807
0.55 273.807
0.551667 273.807
0.553333 273.808
0.555 273.808
0.556667 273.808
0.558333 273.808
0.56 273.808
0.561667 273.808
0.563333 273.808
0.565 273.809
0.566667 273.809
0.568333 273.809
0.57 273.809
0.571667 273.809
0.573333 273.809
0.575 273.81
0.576667 273.81
0.578333 273.81
0.58 273.81
0.581667 273.81
0.583333 273.81
0.585 273.81
0.586667 273.811
0.588333 273.811
0.59 273.811
0.591667 273.811
0.593333 273.811
0.595 273.811
0.596667 273.811
0.598333 273.812
0.6 273.812
0.601667 273.812
0.603333 273.812
0.605 273.812
0.606667 273.812
0.608333 273.812
0.61 273.813
0.611667 273.813
0.613333 273.813
0.615 273.813
0.616667 273.813
0.618333 273.813
0.62 273.813
0.621667 273.814
0.623333 273.814
0.625 273.814
0.626667 273.814
0.628333 273.814
0.63 273.814
0.631667 273.814
0.633333 273.815
0.635 273.815
0.636667 273.815
0.638333 273.815
0.64 273.815
0.641667 273.815
0.643333 273.815
0.645 273.816
0.646667 273.816
0.648333 273.816
0.65 273.816
0.651667 273.816
0.653333 273.816
0.655 273.816
0.656667 273.816
0.658333 273.817
0.66 273.817
0.661667 273.817
0.663333 273.817
0.665 273.817
0.666667 273.817
0.668333 273.817
0.67 273.818
0.671667 273.818
0.673333 273.818
0.675 273.818
0.676667 273.818
0.678333 273.818
0.68 273.818
0.681667 273.818
0.683333 273.819
0.685 273.819
0.686667 273.819
0.688333 273.819
0.69 273.819
0.691667 273.819
0.693333 273.819
0.695 273.82
0.696667 273.82
0.698333 273.82
0.7 273.82
0.701667 273.82
0.703333 273.82
0.705 273.82
0.706667 273.82
0.708333 273.821
0.71 273.821
0.711667 273.821
0.713333 273.821
0.715 273.821
0.716667 273.821
0.718333 273.821
0.72 273.821
0.721667 273.822
0.723333 273.822
0.725 273.822
0.726667 273.822
0.728333 273.822
0.73 273.822
0.731667 273.822
0.733333 273.822
0.735 273.823
0.736667 273.823
0.738333 273.823
0.74 273.823
0.741667 273.823
0.743333 273.823
0.745 273.823
0.746667 273.823
0.748333 273.823
0.75 273.824
0.751667 273.824
0.753333 273.824
0.755 273.824
0.756667 273.824
0.758333 273.824
0.76 273.824
0.761667 273.824
0.763333 273.824
0.765 273.825
0.766667 273.825
0.768333 273.825
0.77 273.825
0.771667 273.825
0.773333 273.825
0.775 273.825
0.776667 273.825
0.778333 273.825
0.78 273.826
0.781667 273.826
0.783333 273.826
0.785 273.826
0.786667 273.826
0.788333 273.826
0.79 273.826
0.791667 273.826
0.793333 273.826
0.795 273.826
0.796667 273.827
0.798333 273.827
0.8 273.827
0.801667 273.827
0.803333 273.827
0.805 273.827
0.806667 273.827
0.808333 273.827
0.81 273.827
0.811667 273.827
0.813333 273.828
0.815 273.828
0.816667 273.828
0.818333 273.828
0.82 273.828
0.821667 273.828
0.823333 273.828
0.825 273.828
0.826667 273.828
0.828333 273.828
0.83 273.828
0.831667 273.828
0.833333 273.829
0.835 273.829
0.836667 273.829
0.838333 273.829
0.84 273.829
0.841667 273.829
0.843333 273.829
0.845 273.829
0.846667 273.829
0.848333 273.829
0.85 273.829
0.851667 273.829
0.853333 273.83
0.855 273.83
0.856667 273.83
0.858333 273.83
0.86 273.83
0.861667 273.83
0.863333 273.83
0.865 273.83
0.866667 273.83
0.868333 273.83
0.87 273.83
0.871667 273.83
0.873333 273.83
0.875 273.83
0.876667 273.831
0.878333 273.831
0.88 273.831
0.881667 273.831
0.883333 273.831
0.885 273.831
0.886667 273.831
0.888333 273.831
0.89 273.831
0.891667 273.831
0.893333 273.831
0.895 273.831
0.896667 273.831
0.898333 273.831
0.9 273.831
0.901667 273.831
0.903333 273.831
0.905 273.832
0.906667 273.832
0.908333 273.832
0.91 273.832
0.911667 273.832
0.913333 273.832
0.915 273.832
0.916667 273.832
0.918333 273.832
0.92 273.832
0.921667 273.832
0.923333 273.832
0.925 273.832
0.926667 273.832
0.928333 273.832
0.93 273.832
0.931667 273.832
0.933333 273.832
0.935 273.832
0.936667 273.832
0.938333 273.832
0.94 273.832
0.941667 273.832
0.943333 273.832
0.945 273.833
0.946667 273.833
0.948333 273.833
0.95 273.833
0.951667 273.833
0.953333 273.833
0.955 273.833
0.956667 273.833
0.958333 273.833
0.96 273.833
0.961667 273.833
0.963333 273.833
0.965 273.833
0.966667 273.833
0.968333 273.833
0.97 273.833
0.971667 273.833
0.973333 273.833
0.975 273.833
0.976667 273.833
0.978333 273.833
0.98 273.833
0.981667 273.833
0.983333 273.833
0.985 273.833
0.986667 273.833
0.988333 273.833
0.99 273.833
0.991667 273.833
0.993333 273.833
0.995 273.833
0.996667 273.833
0.998333 273.833
1 273.833
1.00167 273.833
