0 999.665
0.0049505 1000.34
0.00990099 1001
0.0148515 1001.66
0.019802 1002.32
0.0247525 1002.96
0.029703 1003.61
0.0346535 1004.25
0.039604 1004.88
0.0445545 1005.51
0.049505 1006.13
0.0544554 1006.74
0.0594059 1007.35
0.0643564 1007.96
0.0693069 1008.55
0.0742574 1009.15
0.0792079 1009.73
0.0841584 1010.32
0.0891089 1010.89
0.0940594 1011.46
0.0990099 1012.02
0.10396 1012.58
0.108911 1013.13
0.113861 1013.68
0.118812 1014.22
0.123762 1014.75
0.128713 1015.28
0.133663 1015.8
0.138614 1016.32
0.143564 1016.83
0.148515 1017.33
0.153465 1017.83
0.158416 1018.32
0.163366 1018.8
0.168317 1019.28
0.173267 1019.76
0.178218 1020.22
0.183168 1020.68
0.188119 1021.14
0.193069 1021.58
0.19802 1022.03
0.20297 1022.46
0.207921 1022.89
0.212871 1023.31
0.217822 1023.73
0.222772 1024.13
0.227723 1024.54
0.232673 1024.93
0.237624 1025.32
0.242574 1025.71
0.247525 1026.08
0.252475 1026.45
0.257426 1026.82
0.262376 1027.17
0.267327 1027.52
0.272277 1027.87
0.277228 1028.2
0.282178 1028.53
0.287129 1028.86
0.292079 1029.17
0.29703 1029.48
0.30198 1029.79
0.306931 1030.08
0.311881 1030.37
0.316832 1030.66
0.321782 1030.93
0.326733 1031.2
0.331683 1031.46
0.336634 1031.72
0.341584 1031.97
0.346535 1032.21
0.351485 1032.44
0.356436 1032.67
0.361386 1032.89
0.366337 1033.1
0.371287 1033.31
0.376238 1033.51
0.381188 1033.7
0.386139 1033.89
0.391089 1034.07
0.39604 1034.24
0.40099 1034.4
0.405941 1034.56
0.410891 1034.71
0.415842 1034.85
0.420792 1034.99
0.425743 1035.12
0.430693 1035.24
0.435644 1035.35
0.440594 1035.46
0.445545 1035.56
0.450495 1035.65
0.455446 1035.74
0.460396 1035.81
0.465347 1035.89
0.470297 1035.95
0.475248 1036
0.480198 1036.05
0.485149 1036.09
0.490099 1036.13
0.49505 1036.16
0.5 1036.17
0.50495 1036.19
0.509901 1036.19
0.514851 1036.19
0.519802 1036.18
0.524752 1036.16
0.529703 1036.14
0.534653 1036.1
0.539604 1036.06
0.544554 1036.01
0.549505 1035.96
0.554455 1035.9
0.559406 1035.83
0.564356 1035.75
0.569307 1035.66
0.574257 1035.57
0.579208 1035.47
0.584158 1035.36
0.589109 1035.25
0.594059 1035.13
0.59901 1035
0.60396 1034.86
0.608911 1034.71
0.613861 1034.56
0.618812 1034.4
0.623762 1034.23
0.628713 1034.05
0.633663 1033.87
0.638614 1033.68
0.643564 1033.48
0.648515 1033.27
0.653465 1033.06
0.658416 1032.84
0.663366 1032.61
0.668317 1032.37
0.673267 1032.13
0.678218 1031.88
0.683168 1031.62
0.688119 1031.35
0.693069 1031.07
0.69802 1030.79
0.70297 1030.5
0.707921 1030.2
0.712871 1029.89
0.717822 1029.58
0.722772 1029.26
0.727723 1028.93
0.732673 1028.59
0.737624 1028.25
0.742574 1027.89
0.747525 1027.53
0.752475 1027.16
0.757426 1026.79
0.762376 1026.4
0.767327 1026.01
0.772277 1025.61
0.777228 1025.21
0.782178 1024.79
0.787129 1024.37
0.792079 1023.94
0.79703 1023.5
0.80198 1023.06
0.806931 1022.6
0.811881 1022.14
0.816832 1021.67
0.821782 1021.2
0.826733 1020.71
0.831683 1020.22
0.836634 1019.72
0.841584 1019.21
0.846535 1018.7
0.851485 1018.17
0.856436 1017.64
0.861386 1017.1
0.866337 1016.56
0.871287 1016
0.876238 1015.44
0.881188 1014.87
0.886139 1014.29
0.891089 1013.71
0.89604 1013.11
0.90099 1012.51
0.905941 1011.9
0.910891 1011.29
0.915842 1010.66
0.920792 1010.03
0.925743 1009.39
0.930693 1008.74
0.935644 1008.09
0.940594 1007.43
0.945545 1006.76
0.950495 1006.08
0.955446 1005.39
0.960396 1004.7
0.965347 1004
0.970297 1003.29
0.975248 1002.57
0.980198 1001.85
0.985149 1001.11
0.990099 1000.37
0.99505 999.626
