0 1.47588
0.01 1.47588
0.02 4.4596
0.03 7.41445
0.04 10.3604
0.05 13.3082
0.06 16.2599
0.07 19.2159
0.08 22.1757
0.09 25.139
0.1 28.1055
0.11 31.0751
0.12 34.0474
0.13 37.0225
0.14 40.0002
0.15 42.9805
0.16 45.9632
0.17 48.9483
0.18 51.9358
0.19 54.9255
0.2 57.9174
0.21 60.9114
0.22 63.9075
0.23 66.9057
0.24 69.9058
0.25 72.9078
0.26 75.9116
0.27 78.9172
0.28 81.9245
0.29 84.9334
0.3 87.9439
0.31 90.956
0.32 93.9694
0.33 96.9842
0.34 100
0.35 103.018
0.36 106.036
0.37 109.056
0.38 112.076
0.39 115.098
0.4 118.12
0.41 121.144
0.42 124.168
0.43 127.192
0.44 130.218
0.45 133.243
0.46 136.27
0.47 139.297
0.48 142.324
0.49 145.351
0.5 148.379
0.51 151.406
0.52 154.434
0.53 157.462
0.54 160.49
0.55 163.517
0.56 166.545
0.57 169.572
0.58 172.599
0.59 175.625
0.6 178.651
0.61 181.677
0.62 184.702
0.63 187.726
0.64 190.75
0.65 193.773
0.66 196.795
0.67 199.816
0.68 202.836
0.69 205.855
0.7 208.874
0.71 211.891
0.72 214.906
0.73 217.921
0.74 220.934
0.75 223.946
0.76 226.956
0.77 229.965
0.78 232.972
0.79 235.977
0.8 238.981
0.81 241.982
0.82 244.982
0.83 247.98
0.84 250.975
0.85 253.968
0.86 256.959
0.87 259.947
0.88 262.933
0.89 265.915
0.9 268.895
0.91 271.872
0.92 274.846
0.93 277.817
0.94 280.785
0.95 283.749
0.96 286.709
0.97 289.667
0.98 292.621
0.99 295.573
1 298.523
1.01 301.477
