0 -1.20585
0.005 1.20585
0.01 3.62309
0.015 6.035
0.02 8.44585
0.025 10.8657
0.03 13.3054
0.035 15.7746
0.04 18.2799
0.045 20.8251
0.05 23.4101
0.055 26.0323
0.06 28.686
0.065 31.3639
0.07 34.0571
0.075 36.7564
0.08 39.4524
0.085 42.1365
0.09 44.8006
0.095 47.438
0.1 50.043
0.105 52.611
0.11 55.1383
0.115 57.6224
0.12 60.0614
0.125 62.4541
0.13 64.7999
0.135 67.0989
0.14 69.3514
0.145 71.5585
0.15 73.7215
0.155 75.8421
0.16 77.9223
0.165 79.9644
0.17 81.9709
0.175 83.9444
0.18 85.8877
0.185 87.8033
0.19 89.6942
0.195 91.563
0.2 93.4125
0.205 95.2453
0.21 97.0639
0.215 98.8709
0.22 100.669
0.225 102.46
0.23 104.247
0.235 106.032
0.24 107.817
0.245 109.606
0.25 111.4
0.255 113.202
0.26 115.015
0.265 116.842
0.27 118.686
0.275 120.551
0.28 122.441
0.285 124.361
0.29 126.315
0.295 128.311
0.3 130.354
0.305 132.454
0.31 134.62
0.315 136.863
0.32 139.195
0.325 141.632
0.33 144.19
0.335 146.887
0.34 149.74
0.345 152.765
0.35 155.972
0.355 159.358
0.36 162.893
0.365 166.508
0.37 170.074
0.375 173.375
0.38 176.429
0.385 179.408
0.39 182.028
0.395 183.443
0.4 184.758
0.405 186.051
0.41 187.322
0.415 188.573
0.42 189.807
0.425 191.028
0.43 192.235
0.435 193.429
0.44 194.612
0.445 195.783
0.45 196.945
0.455 198.096
0.46 199.238
0.465 200.37
0.47 201.494
0.475 202.609
0.48 203.716
0.485 204.814
0.49 205.904
0.495 206.986
0.5 208.06
0.505 209.125
0.51 210.184
0.515 211.234
0.52 212.277
0.525 213.312
0.53 214.339
0.535 215.36
0.54 216.372
0.545 217.378
0.55 218.377
0.555 219.368
0.56 220.353
0.565 221.33
0.57 222.302
0.575 223.266
0.58 224.224
0.585 225.176
0.59 226.121
0.595 227.061
0.6 227.995
0.605 228.923
0.61 229.845
0.615 230.762
0.62 231.673
0.625 232.58
0.63 233.481
0.635 234.378
0.64 235.27
0.645 236.157
0.65 237.041
0.655 237.92
0.66 238.796
0.665 239.668
0.67 240.536
0.675 241.401
0.68 242.263
0.685 243.123
0.69 243.98
0.695 244.834
0.7 245.687
0.705 246.538
0.71 247.387
0.715 248.235
0.72 249.082
0.725 249.928
0.73 250.773
0.735 251.618
0.74 252.464
0.745 253.31
0.75 254.156
0.755 255.004
0.76 255.852
0.765 256.703
0.77 257.555
0.775 258.409
0.78 259.267
0.785 260.127
0.79 260.99
0.795 261.857
0.8 262.728
0.805 263.603
0.81 264.482
0.815 265.366
0.82 266.256
0.825 267.151
0.83 268.052
0.835 268.959
0.84 269.872
0.845 270.792
0.85 271.718
0.855 272.652
0.86 273.592
0.865 274.54
0.87 275.495
0.875 276.457
0.88 277.426
0.885 278.402
0.89 279.386
0.895 280.376
0.9 281.372
0.905 282.375
0.91 283.382
0.915 284.395
0.92 285.412
0.925 286.433
0.93 287.456
0.935 288.481
0.94 289.506
0.945 290.531
0.95 291.554
0.955 292.574
0.96 293.589
0.965 294.598
0.97 295.599
0.975 296.592
0.98 297.575
0.985 298.55
0.99 299.517
0.995 300.483
