0 -4.12901
0.005 4.12901
0.01 4.05632
0.015 0.353691
0.02 -4.91424
0.025 -10.8832
0.03 -17.2053
0.035 -23.7485
0.04 -30.47
0.045 -37.3625
0.05 -44.4327
0.055 -51.6912
0.06 -59.1489
0.065 -66.8144
0.07 -74.693
0.075 -82.7859
0.08 -91.0885
0.085 -99.5899
0.09 -108.272
0.095 -117.109
0.1 -126.064
0.105 -135.092
0.11 -144.14
0.115 -153.143
0.12 -162.03
0.125 -170.723
0.13 -179.141
0.135 -187.203
0.14 -194.829
0.145 -201.948
0.15 -208.498
0.155 -214.428
0.16 -219.705
0.165 -224.308
0.17 -228.236
0.175 -231.5
0.18 -234.126
0.185 -236.151
0.19 -237.621
0.195 -238.586
0.2 -239.1
0.205 -239.216
0.21 -238.986
0.215 -238.46
0.22 -237.683
0.225 -236.694
0.23 -235.528
0.235 -234.216
0.24 -232.783
0.245 -231.249
0.25 -229.632
0.255 -227.944
0.26 -226.195
0.265 -224.394
0.27 -222.544
0.275 -220.649
0.28 -218.71
0.285 -216.727
0.29 -214.697
0.295 -212.618
0.3 -210.486
0.305 -208.295
0.31 -206.039
0.315 -203.71
0.32 -201.301
0.325 -198.8
0.33 -196.197
0.335 -193.481
0.34 -190.641
0.345 -187.666
0.35 -184.559
0.355 -181.359
0.36 -178.244
0.365 -175.976
0.37 -178.477
0.375 -208.918
0.38 -383.372
0.385 -598.647
0.39 -532.177
0.395 -460.856
0.4 -392.358
0.405 -334.008
0.41 -287.882
0.415 -252.74
0.42 -226.252
0.425 -206.252
0.43 -191.037
0.435 -179.325
0.44 -170.159
0.445 -162.839
0.45 -156.861
0.455 -151.866
0.46 -147.594
0.465 -143.861
0.47 -140.53
0.475 -137.505
0.48 -134.713
0.485 -132.101
0.49 -129.631
0.495 -127.273
0.5 -125.005
0.505 -122.811
0.51 -120.679
0.515 -118.598
0.52 -116.561
0.525 -114.561
0.53 -112.596
0.535 -110.66
0.54 -108.752
0.545 -106.868
0.55 -105.008
0.555 -103.169
0.56 -101.35
0.565 -99.5508
0.57 -97.7702
0.575 -96.0074
0.58 -94.262
0.585 -92.5333
0.59 -90.8209
0.595 -89.1244
0.6 -87.4434
0.605 -85.7777
0.61 -84.1268
0.615 -82.4905
0.62 -80.8685
0.625 -79.2606
0.63 -77.6665
0.635 -76.086
0.64 -74.5188
0.645 -72.9648
0.65 -71.4237
0.655 -69.8954
0.66 -68.3795
0.665 -66.876
0.67 -65.3846
0.675 -63.9051
0.68 -62.4374
0.685 -60.9812
0.69 -59.5364
0.695 -58.1027
0.7 -56.6801
0.705 -55.2682
0.71 -53.8669
0.715 -52.476
0.72 -51.0953
0.725 -49.7246
0.73 -48.3637
0.735 -47.0124
0.74 -45.6706
0.745 -44.338
0.75 -43.0144
0.755 -41.6997
0.76 -40.3935
0.765 -39.0958
0.77 -37.8063
0.775 -36.5248
0.78 -35.2511
0.785 -33.985
0.79 -32.7262
0.795 -31.4745
0.8 -30.2297
0.805 -28.9915
0.81 -27.7598
0.815 -26.5343
0.82 -25.3146
0.825 -24.1006
0.83 -22.892
0.835 -21.6884
0.84 -20.4896
0.845 -19.2952
0.85 -18.1049
0.855 -16.9184
0.86 -15.7352
0.865 -14.5551
0.87 -13.3775
0.875 -12.2021
0.88 -11.0282
0.885 -9.85551
0.89 -8.68332
0.895 -7.51103
0.9 -6.33796
0.905 -5.16337
0.91 -3.98642
0.915 -2.80622
0.92 -1.62179
0.925 -0.432067
0.93 0.764019
0.935 1.96747
0.94 3.17895
0.945 4.39825
0.95 5.62309
0.955 6.84658
0.96 8.052
0.965 9.20181
0.97 10.2152
0.975 10.9216
0.98 10.9657
0.985 9.6088
0.99 5.30176
0.995 -5.30176
